[gd_scene load_steps=12 format=3 uid="uid://ctpwxxq0obvqd"]

[ext_resource type="Script" path="res://scenes/objects/library.gd" id="1_8afyh"]
[ext_resource type="PackedScene" uid="uid://b7x55xup1xae3" path="res://scenes/objects/env.tscn" id="2_wpfyx"]
[ext_resource type="PackedScene" uid="uid://jn04ho3ed3nl" path="res://scenes/objects/player.tscn" id="3_kb5n8"]
[ext_resource type="PackedScene" uid="uid://mnoq5lrs0of2" path="res://scenes/objects/hall_up.tscn" id="4_scevj"]
[ext_resource type="PackedScene" uid="uid://b5i30jfc2e34a" path="res://scenes/objects/hall_flat.tscn" id="5_1nf5i"]
[ext_resource type="PackedScene" uid="uid://ckkd18qhbw17" path="res://scenes/objects/hex_room.tscn" id="6_7jus8"]
[ext_resource type="Texture2D" uid="uid://c21orlhyywdog" path="res://scenes/objects/voro_tex.tres" id="7_stfq2"]

[sub_resource type="BoxShape3D" id="BoxShape3D_od370"]
size = Vector3(300, 2, 300)

[sub_resource type="CylinderMesh" id="CylinderMesh_si82g"]
top_radius = 2.2
height = 0.5
radial_segments = 32

[sub_resource type="Shader" id="Shader_485in"]
code = "// NOTE: Shader automatically converted from Godot Engine 4.2.1.stable's StandardMaterial3D.

shader_type spatial;
render_mode blend_mix,depth_draw_opaque,cull_back,diffuse_burley,specular_schlick_ggx;
uniform vec4 albedo : source_color;
uniform sampler2D texture_albedo : source_color,filter_linear_mipmap,repeat_enable;
uniform float point_size : hint_range(0,128);
uniform float roughness : hint_range(0,1);
uniform sampler2D texture_metallic : hint_default_white,filter_linear_mipmap,repeat_enable;
uniform vec4 metallic_texture_channel;
uniform sampler2D texture_roughness : hint_roughness_r,filter_linear_mipmap,repeat_enable;
uniform float specular;
uniform float metallic;
varying vec3 uv1_triplanar_pos;
varying vec3 l_uv_pos;
uniform float uv1_blend_sharpness;
varying vec3 uv1_power_normal;
varying vec3 l_uv_power_norm;
uniform vec3 uv1_scale;
uniform vec3 uv1_offset;
uniform vec3 uv2_scale;
uniform vec3 uv2_offset;

uniform sampler2D voro_tex : filter_linear_mipmap,repeat_enable;

void vertex() {
	vec3 normal = NORMAL;
	TANGENT = vec3(0.0,0.0,-1.0) * abs(normal.x);
	TANGENT+= vec3(1.0,0.0,0.0) * abs(normal.y);
	TANGENT+= vec3(1.0,0.0,0.0) * abs(normal.z);
	TANGENT = normalize(TANGENT);
	BINORMAL = vec3(0.0,1.0,0.0) * abs(normal.x);
	BINORMAL+= vec3(0.0,0.0,-1.0) * abs(normal.y);
	BINORMAL+= vec3(0.0,1.0,0.0) * abs(normal.z);
	BINORMAL = normalize(BINORMAL);
	uv1_power_normal=pow(abs(NORMAL),vec3(uv1_blend_sharpness));
	uv1_triplanar_pos = VERTEX * uv1_scale + uv1_offset;
	uv1_power_normal/=dot(uv1_power_normal,vec3(1.0));
	uv1_triplanar_pos *= vec3(1.0,-1.0, 1.0);
	
	vec3 normal2 = MODEL_NORMAL_MATRIX * NORMAL;
	l_uv_power_norm = pow(abs(normal2),vec3(uv1_blend_sharpness));
	l_uv_pos = (MODEL_MATRIX * vec4(VERTEX, 1.0f)).xyz * vec3(0.2) + uv1_offset;
	l_uv_power_norm /=dot(uv1_power_normal,vec3(1.0));
	l_uv_pos *= vec3(1.0,-1.0, 1.0);
}

vec4 triplanar_texture(sampler2D p_sampler,vec3 p_weights,vec3 p_triplanar_pos) {
	vec4 samp=vec4(0.0);
	samp+= texture(p_sampler,p_triplanar_pos.xy) * p_weights.z;
	samp+= texture(p_sampler,p_triplanar_pos.xz) * p_weights.y;
	samp+= texture(p_sampler,p_triplanar_pos.zy * vec2(-1.0,1.0)) * p_weights.x;
	return samp;
}


void light() {
	DIFFUSE_LIGHT += ATTENUATION;
	float voro = triplanar_texture(voro_tex, l_uv_power_norm, l_uv_pos).r;
	DIFFUSE_LIGHT = min(DIFFUSE_LIGHT, vec3(voro));
}


void fragment() {
	vec4 albedo_tex = triplanar_texture(texture_albedo,uv1_power_normal,uv1_triplanar_pos);
	ALBEDO = albedo.rgb * albedo_tex.rgb;
	float metallic_tex = dot(triplanar_texture(texture_metallic,uv1_power_normal,uv1_triplanar_pos),metallic_texture_channel);
	METALLIC = metallic_tex * metallic;
	vec4 roughness_texture_channel = vec4(1.0,0.0,0.0,0.0);
	float roughness_tex = dot(triplanar_texture(texture_roughness,uv1_power_normal,uv1_triplanar_pos),roughness_texture_channel);
	ROUGHNESS = roughness_tex * roughness;
	SPECULAR = specular;
}
"

[sub_resource type="ShaderMaterial" id="ShaderMaterial_mj1d1"]
render_priority = 0
shader = SubResource("Shader_485in")
shader_parameter/albedo = Color(0.168627, 0.431373, 0.447059, 1)
shader_parameter/point_size = 1.0
shader_parameter/roughness = 1.0
shader_parameter/metallic_texture_channel = null
shader_parameter/specular = 0.5
shader_parameter/metallic = 0.0
shader_parameter/uv1_blend_sharpness = 1.0
shader_parameter/uv1_scale = Vector3(0.2, 0.2, 0.2)
shader_parameter/uv1_offset = Vector3(0, 0, 0)
shader_parameter/uv2_scale = Vector3(1, 1, 1)
shader_parameter/uv2_offset = Vector3(0, 0, 0)
shader_parameter/voro_tex = ExtResource("7_stfq2")

[node name="Library" type="Node3D"]
script = ExtResource("1_8afyh")

[node name="Env" parent="." instance=ExtResource("2_wpfyx")]

[node name="Player" parent="." instance=ExtResource("3_kb5n8")]
transform = Transform3D(1, 0, 0, 0, 1, 0, 0, 0, 1, -2.86979, 1.27309, -2.64447)

[node name="StaticBody3D" type="StaticBody3D" parent="."]
transform = Transform3D(1, 0, 0, 0, 1, 0, 0, 0, 1, 0, -4.83994, 0)

[node name="CollisionShape3D" type="CollisionShape3D" parent="StaticBody3D"]
transform = Transform3D(1, 0, 0, 0, 1, 0, 0, 0, 1, 0, -1, 0)
shape = SubResource("BoxShape3D_od370")

[node name="Center" type="Node3D" parent="."]
transform = Transform3D(0.5, 0, -0.866025, 0, 1, 0, 0.866025, 0, 0.5, 0, 0, 0)

[node name="Halls" type="Node3D" parent="."]
transform = Transform3D(-4.37114e-08, 0, -1, 0, 1, 0, 1, 0, -4.37114e-08, 0, 0, 0)

[node name="Hall1" type="Node3D" parent="Halls"]
transform = Transform3D(0.866025, 0, -0.5, 0, 1, 0, 0.5, 0, 0.866025, 3.348, 0, -5.79891)

[node name="Node3D" parent="Halls/Hall1" instance=ExtResource("4_scevj")]

[node name="Hall2" type="Node3D" parent="Halls"]
transform = Transform3D(-0.866025, 0, -0.5, 0, 1, 0, 0.5, 0, -0.866025, 3.348, 0, 5.79891)

[node name="Node3D" parent="Halls/Hall2" instance=ExtResource("4_scevj")]

[node name="Hall3" type="Node3D" parent="Halls"]
transform = Transform3D(1.19249e-08, 0, 1, 0, 1, 0, -1, 0, 1.19249e-08, -6.696, 0, -7.9849e-08)

[node name="Node3D" parent="Halls/Hall3" instance=ExtResource("4_scevj")]

[node name="Hall4" type="Node3D" parent="Halls"]
transform = Transform3D(-0.866025, 0, 0.5, 0, 1, 0, -0.5, 0, -0.866025, -16.74, 0.748, 5.79891)

[node name="Node3D" parent="Halls/Hall4" instance=ExtResource("4_scevj")]

[node name="Hall5" type="Node3D" parent="Halls"]
transform = Transform3D(0.866025, 0, 0.5, 0, 1, 0, -0.5, 0, 0.866025, -16.74, 0.748, -5.79891)

[node name="Node3D" parent="Halls/Hall5" instance=ExtResource("4_scevj")]

[node name="Hall6" type="Node3D" parent="Halls"]
transform = Transform3D(0.866025, 0, 0.5, 0, 1, 0, -0.5, 0, 0.866025, 3.348, 0.748, -17.3967)

[node name="Node3D" parent="Halls/Hall6" instance=ExtResource("4_scevj")]

[node name="Hall7" type="Node3D" parent="Halls"]
transform = Transform3D(2.68221e-07, 0, -1, 0, 1, 0, 1, 0, 2.68221e-07, 13.392, 0.748, -11.5978)

[node name="Node3D" parent="Halls/Hall7" instance=ExtResource("4_scevj")]

[node name="Hall8" type="Node3D" parent="Halls"]
transform = Transform3D(-2.68221e-07, 0, -1, 0, 1, 0, 1, 0, -2.68221e-07, 13.392, 0.748, 11.5978)

[node name="Node3D" parent="Halls/Hall8" instance=ExtResource("4_scevj")]

[node name="Hall9" type="Node3D" parent="Halls"]
transform = Transform3D(-0.866025, 0, 0.5, 0, 1, 0, -0.5, 0, -0.866025, 3.348, 0.748, 17.3967)

[node name="Node3D" parent="Halls/Hall9" instance=ExtResource("4_scevj")]

[node name="Hall10" type="Node3D" parent="Halls"]
transform = Transform3D(1.49012e-07, 0, 1, 0, 1, 0, -1, 0, 1.49012e-07, -6.696, 1.496, -23.196)

[node name="Node3D2" parent="Halls/Hall10" instance=ExtResource("5_1nf5i")]

[node name="Hall11" type="Node3D" parent="Halls"]
transform = Transform3D(0.866025, 0, -0.5, 0, 1, 0, 0.5, 0, 0.866025, 3.348, 1.496, -28.9945)

[node name="Node3D" parent="Halls/Hall11" instance=ExtResource("4_scevj")]

[node name="Hall12" type="Node3D" parent="Halls"]
transform = Transform3D(0.866025, 0, -0.5, 0, 1, 0, 0.5, 0, 0.866025, 23.436, 1.496, -17.3967)

[node name="Node3D" parent="Halls/Hall12" instance=ExtResource("4_scevj")]

[node name="Hall13" type="Node3D" parent="Halls"]
transform = Transform3D(-0.866025, 0, -0.5, 0, 1, 0, 0.5, 0, -0.866025, 23.436, 1.496, -5.799)

[node name="Node3D2" parent="Halls/Hall13" instance=ExtResource("5_1nf5i")]

[node name="Hall14" type="Node3D" parent="Halls"]
transform = Transform3D(0.866025, 0, -0.5, 0, 1, 0, 0.5, 0, 0.866025, 23.436, 1.496, 5.799)

[node name="Node3D2" parent="Halls/Hall14" instance=ExtResource("5_1nf5i")]

[node name="Hall15" type="Node3D" parent="Halls"]
transform = Transform3D(-0.866025, 0, -0.5, 0, 1, 0, 0.5, 0, -0.866025, 23.436, 1.496, 17.3967)

[node name="Node3D" parent="Halls/Hall15" instance=ExtResource("4_scevj")]

[node name="Hall16" type="Node3D" parent="Halls"]
transform = Transform3D(-0.866025, 0, -0.5, 0, 1, 0, 0.5, 0, -0.866025, 3.348, 1.496, 28.9945)

[node name="Node3D" parent="Halls/Hall16" instance=ExtResource("4_scevj")]

[node name="Hall37" type="Node3D" parent="Halls"]
transform = Transform3D(-1.62921e-07, 0, 1, 0, 1, 0, -1, 0, -1.62921e-07, -26.784, 1.496, 11.5978)

[node name="Node3D" parent="Halls/Hall37" instance=ExtResource("4_scevj")]

[node name="Hall38" type="Node3D" parent="Halls"]
transform = Transform3D(-1.62921e-07, 0, 1, 0, 1, 0, -1, 0, -1.62921e-07, -26.784, 1.496, -11.5978)

[node name="Node3D" parent="Halls/Hall38" instance=ExtResource("4_scevj")]

[node name="Hall17" type="Node3D" parent="Halls"]
transform = Transform3D(-1.19209e-07, 0, 1, 0, 1, 0, -1, 0, -1.19209e-07, -6.696, 1.496, 23.196)

[node name="Node3D2" parent="Halls/Hall17" instance=ExtResource("5_1nf5i")]

[node name="Hall18" type="Node3D" parent="Halls"]
transform = Transform3D(-0.866025, 0, -0.5, 0, 1, 0, 0.5, 0, -0.866025, -16.74, 1.496, 17.397)

[node name="Node3D2" parent="Halls/Hall18" instance=ExtResource("5_1nf5i")]

[node name="Hall19" type="Node3D" parent="Halls"]
transform = Transform3D(-3.57628e-07, 0, 1, 0, 1, 0, -1, 0, -3.57628e-07, -26.784, 1.496, 11.5978)

[node name="Node3D" parent="Halls/Hall19" instance=ExtResource("4_scevj")]

[node name="Hall20" type="Node3D" parent="Halls"]
transform = Transform3D(1.49012e-07, 0, 1, 0, 1, 0, -1, 0, 1.49012e-07, -26.784, 1.496, -11.5978)

[node name="Node3D" parent="Halls/Hall20" instance=ExtResource("4_scevj")]

[node name="Hall21" type="Node3D" parent="Halls"]
transform = Transform3D(0.866025, 0, -0.5, 0, 1, 0, 0.5, 0, 0.866025, -16.74, 1.496, -17.397)

[node name="Node3D2" parent="Halls/Hall21" instance=ExtResource("5_1nf5i")]

[node name="Hall22" type="Node3D" parent="Halls"]
transform = Transform3D(0.866025, 0, 0.5, 0, 1, 0, -0.5, 0, 0.866025, -16.74, 1.496, -28.9945)

[node name="Node3D" parent="Halls/Hall22" instance=ExtResource("4_scevj")]

[node name="Hall23" type="Node3D" parent="Halls"]
transform = Transform3D(0.866025, 0, 0.5, 0, 1, 0, -0.5, 0, 0.866025, 3.348, 2.244, -40.592)

[node name="Node3D" parent="Halls/Hall23" instance=ExtResource("4_scevj")]

[node name="Hall24" type="Node3D" parent="Halls"]
transform = Transform3D(2.38419e-07, 0, -1, 0, 1, 0, 1, 0, 2.38419e-07, 13.392, 2.244, -34.7934)

[node name="Node3D" parent="Halls/Hall24" instance=ExtResource("4_scevj")]

[node name="Hall25" type="Node3D" parent="Halls"]
transform = Transform3D(0.866025, 0, 0.5, 0, 1, 0, -0.5, 0, 0.866025, 23.436, 2.244, -28.9945)

[node name="Node3D" parent="Halls/Hall25" instance=ExtResource("4_scevj")]

[node name="Hall26" type="Node3D" parent="Halls"]
transform = Transform3D(2.68221e-07, 0, -1, 0, 1, 0, 1, 0, 2.68221e-07, 33.48, 2.244, -23.196)

[node name="Node3D" parent="Halls/Hall26" instance=ExtResource("4_scevj")]

[node name="Hall27" type="Node3D" parent="Halls"]
transform = Transform3D(-2.68221e-07, 0, -1, 0, 1, 0, 1, 0, -2.68221e-07, 33.48, 1.496, 1.04904e-05)

[node name="Node3D" parent="Halls/Hall27" instance=ExtResource("4_scevj")]

[node name="Hall28" type="Node3D" parent="Halls"]
transform = Transform3D(-2.68221e-07, 0, -1, 0, 1, 0, 1, 0, -2.68221e-07, 33.48, 2.244, 23.1956)

[node name="Node3D" parent="Halls/Hall28" instance=ExtResource("4_scevj")]

[node name="Hall29" type="Node3D" parent="Halls"]
transform = Transform3D(-0.866025, 0, 0.5, 0, 1, 0, -0.5, 0, -0.866025, 23.436, 2.244, 28.9945)

[node name="Node3D2" parent="Halls/Hall29" instance=ExtResource("5_1nf5i")]

[node name="Hall30" type="Node3D" parent="Halls"]
transform = Transform3D(-4.17233e-07, 0, -0.999999, 0, 1, 0, 0.999999, 0, -4.17233e-07, 13.392, 2.244, 34.7934)

[node name="Node3D2" parent="Halls/Hall30" instance=ExtResource("5_1nf5i")]

[node name="Hall31" type="Node3D" parent="Halls"]
transform = Transform3D(-0.866025, 0, 0.5, 0, 1, 0, -0.5, 0, -0.866025, 3.34799, 2.244, 40.5923)

[node name="Node3D" parent="Halls/Hall31" instance=ExtResource("4_scevj")]

[node name="Hall33" type="Node3D" parent="Halls"]
transform = Transform3D(-0.866025, 0, 0.5, 0, 1, 0, -0.5, 0, -0.866025, -36.828, 2.244, 17.3967)

[node name="Node3D" parent="Halls/Hall33" instance=ExtResource("4_scevj")]

[node name="Hall34" type="Node3D" parent="Halls"]
transform = Transform3D(0.866025, 0, 0.5, 0, 1, 0, -0.5, 0, 0.866025, -36.828, 2.244, 5.79892)

[node name="Node3D2" parent="Halls/Hall34" instance=ExtResource("5_1nf5i")]

[node name="Hall35" type="Node3D" parent="Halls"]
transform = Transform3D(-0.866024, 0, 0.5, 0, 1, 0, -0.5, 0, -0.866024, -36.828, 2.244, -5.79889)

[node name="Node3D2" parent="Halls/Hall35" instance=ExtResource("5_1nf5i")]

[node name="Hall36" type="Node3D" parent="Halls"]
transform = Transform3D(0.866025, 0, 0.5, 0, 1, 0, -0.5, 0, 0.866025, -36.828, 2.244, -17.3967)

[node name="Node3D" parent="Halls/Hall36" instance=ExtResource("4_scevj")]

[node name="Hall32" type="Node3D" parent="Halls"]
transform = Transform3D(-0.866025, 0, 0.5, 0, 1, 0, -0.5, 0, -0.866025, -16.74, 1.496, 28.9945)

[node name="Node3D" parent="Halls/Hall32" instance=ExtResource("4_scevj")]

[node name="Rooms" type="Node3D" parent="."]

[node name="HexRoom" parent="Rooms" instance=ExtResource("6_7jus8")]
room_id = 0
spiral_id = 0

[node name="HexRoom2" parent="Rooms" instance=ExtResource("6_7jus8")]
transform = Transform3D(0.5, 0, -0.866025, 0, 1, 0, 0.866025, 0, 0.5, 11.5978, 0.748, 6.696)
room_id = 1
spiral_id = 0

[node name="HexRoom3" parent="Rooms" instance=ExtResource("6_7jus8")]
transform = Transform3D(0.5, 0, -0.866025, 0, 1, 0, 0.866025, 0, 0.5, -11.5978, 0.748, 6.696)
room_id = 2
spiral_id = 0

[node name="HexRoom4" parent="Rooms" instance=ExtResource("6_7jus8")]
transform = Transform3D(0.5, 0, -0.866025, 0, 1, 0, 0.866025, 0, 0.5, -5.85387e-07, 0.748, -13.392)
room_id = 3
spiral_id = 0

[node name="HexRoom5" parent="Rooms" instance=ExtResource("6_7jus8")]
transform = Transform3D(1, 0, 0, 0, 1, 0, 0, 0, 1, 23.1956, 1.496, -4.16598e-07)

[node name="HexRoom6" parent="Rooms" instance=ExtResource("6_7jus8")]
transform = Transform3D(1, 0, 0, 0, 1, 0, 0, 0, 1, 11.5978, 1.496, 20.088)

[node name="HexRoom7" parent="Rooms" instance=ExtResource("6_7jus8")]
transform = Transform3D(1, 0, 0, 0, 1, 0, 0, 0, 1, -11.5978, 1.496, 20.088)

[node name="HexRoom8" parent="Rooms" instance=ExtResource("6_7jus8")]
transform = Transform3D(1, 0, 0, 0, 1, 0, 0, 0, 1, -23.1956, 1.496, -2.92126e-06)

[node name="HexRoom9" parent="Rooms" instance=ExtResource("6_7jus8")]
transform = Transform3D(1, 0, 0, 0, 1, 0, 0, 0, 1, -11.5978, 1.496, -20.088)

[node name="HexRoom10" parent="Rooms" instance=ExtResource("6_7jus8")]
transform = Transform3D(1, 0, 0, 0, 1, 0, 0, 0, 1, 11.5978, 1.496, -20.088)

[node name="HexRoom11" parent="Rooms" instance=ExtResource("6_7jus8")]
transform = Transform3D(0.5, 0, -0.866025, 0, 1, 0, 0.866025, 0, 0.5, 23.1956, 1.496, -13.392)

[node name="HexRoom12" parent="Rooms" instance=ExtResource("6_7jus8")]
transform = Transform3D(0.5, 0, -0.866025, 0, 1, 0, 0.866025, 0, 0.5, 34.7934, 2.244, 6.696)

[node name="HexRoom13" parent="Rooms" instance=ExtResource("6_7jus8")]
transform = Transform3D(0.5, 0, -0.866025, 0, 1, 0, 0.866025, 0, 0.5, 23.1956, 2.244, 26.784)

[node name="HexRoom14" parent="Rooms" instance=ExtResource("6_7jus8")]
transform = Transform3D(0.5, 0, -0.866025, 0, 1, 0, 0.866025, 0, 0.5, -1.35686e-05, 1.496, 26.784)

[node name="HexRoom15" parent="Rooms" instance=ExtResource("6_7jus8")]
transform = Transform3D(0.5, 0, -0.866025, 0, 1, 0, 0.866025, 0, 0.5, -23.1956, 2.244, 26.784)

[node name="HexRoom16" parent="Rooms" instance=ExtResource("6_7jus8")]
transform = Transform3D(0.5, 0, -0.866025, 0, 1, 0, 0.866025, 0, 0.5, -34.7934, 2.244, 6.69599)

[node name="HexRoom17" parent="Rooms" instance=ExtResource("6_7jus8")]
transform = Transform3D(0.5, 0, -0.866025, 0, 1, 0, 0.866025, 0, 0.5, -23.1956, 1.496, -13.392)

[node name="HexRoom18" parent="Rooms" instance=ExtResource("6_7jus8")]
transform = Transform3D(-1, 0, 1.19209e-07, 0, 1, 0, -1.19209e-07, 0, -1, -11.5978, 2.244, -33.48)

[node name="HexRoom19" parent="Rooms" instance=ExtResource("6_7jus8")]
transform = Transform3D(-1, 0, 1.19209e-07, 0, 1, 0, -1.19209e-07, 0, -1, 11.5978, 2.244, -33.48)

[node name="HexRoom20" parent="Rooms" instance=ExtResource("6_7jus8")]
transform = Transform3D(1, 0, 0, 0, 1, 0, 0, 0, 1, -34.8293, 2.21715, 20.102)
room_id = 2
spiral_id = 0

[node name="HexRoom21" parent="Rooms" instance=ExtResource("6_7jus8")]
transform = Transform3D(-0.5, 0, 0.866025, 0, 1, 0, -0.866025, 0, -0.5, 34.8167, 2.94231, 20.0319)
room_id = 2
spiral_id = 0

[node name="HexRoom22" parent="Rooms" instance=ExtResource("6_7jus8")]
transform = Transform3D(-0.5, 0, -0.866025, 0, 1, 0, 0.866025, 0, -0.5, -0.110313, 2.17075, -40.098)
room_id = 2
spiral_id = 0

[node name="MeshInstance3D" type="MeshInstance3D" parent="."]
transform = Transform3D(1, 0, 0, 0, 1, 0, 0, 0, 1, 0, -0.219985, 0)
mesh = SubResource("CylinderMesh_si82g")
surface_material_override/0 = SubResource("ShaderMaterial_mj1d1")

[node name="Node3D" type="Node3D" parent="."]

[node name="Marker3D" type="Marker3D" parent="."]
transform = Transform3D(1, 0, 0, 0, 1, 0, 0, 0, 1, -15.46, 10.469, -6.69)

[node name="Marker3D2" type="Marker3D" parent="."]
transform = Transform3D(1, 0, 0, 0, 1, 0, 0, 0, 1, -23.196, 10.469, 0)

[node name="Marker3D3" type="Marker3D" parent="."]
transform = Transform3D(1, 0, 0, 0, 1, 0, 0, 0, 1, -27.6009, 10.469, -6.69)
